input
    {
    N1 = 10
    N2 = 15
    N = 40
   Npart = 40

    t1 = 0.0582
    t2 = -0.00541
    U = 0.78860418
    V1 = 0.0

    nsweeps = 50
    sweeps
        {
        maxm  minm  cutoff  niter  noise
	20    10    1E-12   2      1E-7
	20    10    1E-12   2      1E-7
        20    10    1E-12   2      1E-7
	20    10    1E-12   2      1E-8
        20   20    1E-12   2      1E-8
	20   20    1E-12   2      1E-8
        20   20    1E-12   2      1E-10
	20   20    1E-12   2      1E-10
        20   20    1E-12   2      0
	20   20    1E-12   2      0

	30   20    1E-12   2      0
	30   20    1E-12   2      0
	30   20    1E-12   2      0
	30   20    1E-12   2      0
	30   20    1E-12   2      0
	30   20    1E-12   2      0
	30   20    1E-12   2      0
	30   20    1E-12   2      0
	30   20    1E-12   2      0
	30   20    1E-12   2      0

	40   20    1E-12   2      0
	40   20    1E-12   2      0
	40   20    1E-12   2      0
	40   20    1E-12   2      0
	40   20    1E-12   2      0
	40   20    1E-12   2      0
	40   20    1E-12   2      0
	40   20    1E-12   2      0
	40   20    1E-12   2      0
	40   20    1E-12   2      0
	
	50   20    1E-12   2      0
	50   20    1E-12   2      0
	50   20    1E-12   2      0
	50   20    1E-12   2      0
	50   20    1E-12   2      0
	50   20    1E-12   2      0
	50   20    1E-12   2      0
	50   20    1E-12   2      0
	50   20    1E-12   2      0
	50   20    1E-12   2      0
	
	100   20    1E-12   2      0
	100   20    1E-12   2      0
	100   20    1E-12   2      0
	100   20    1E-12   2      0
	100   20    1E-12   2      0
	100   20    1E-12   2      0
	100   20    1E-12   2      0
	100   20    1E-12   2      0
	100   20    1E-12   2      0
	100   20    1E-12   2      0


	}

    quiet = yes
    }
